name: dfast
channels:
  - bioconda
  - r
  - defaults
  - conda-forge
dependencies:
  - _libgcc_mutex=0.1=main
  - aragorn=1.2.38=h516909a_3
  - barrnap=0.9=3
  - bedtools=2.30.0=hc088bd4_0
  - biopython=1.78=py37h7b6447c_0
  - blas=1.0=mkl
  - blast=2.9.0=h20b68b9_1
  - boost=1.68.0=py37h8619c78_1001
  - boost-cpp=1.68.0=h11c811c_1000
  - bzip2=1.0.8=h7b6447c_0
  - ca-certificates=2021.1.19=h06a4308_0
  - certifi=2020.12.5=py37h06a4308_0
  - dfast=1.2.13=h8b12597_0
  - ghostx=1.3.7=hfc679d8_1
  - gmp=6.2.1=h2531618_2
  - gnutls=3.6.5=h71b1129_1002
  - hmmer=3.3.2=he1b5a44_0
  - icu=58.2=he6710b0_3
  - intel-openmp=2019.4=243
  - ld_impl_linux-64=2.33.1=h53a641e_7
  - libedit=3.1.20191231=h14c3975_1
  - libffi=3.3=he6710b0_2
  - libgcc-ng=9.1.0=hdf63c60_0
  - libgfortran-ng=7.3.0=hdf63c60_0
  - libstdcxx-ng=9.1.0=hdf63c60_0
  - metagene_annotator=1.0=h516909a_3
  - mkl=2019.4=243
  - mkl-service=2.3.0=py37he8ac12f_0
  - mkl_fft=1.0.14=py37hd81dba3_0
  - mkl_random=1.0.4=py37hd81dba3_0
  - ncurses=6.2=he6710b0_1
  - nettle=3.4.1=hbb512f6_0
  - numpy=1.17.0=py37h7e9f1db_0
  - numpy-base=1.17.0=py37hde5b4d6_0
  - openjdk=8.0.152=h7b6447c_3
  - openssl=1.1.1j=h27cfd23_0
  - pcre=8.44=he6710b0_0
  - perl=5.26.2=h14c3975_0
  - perl-archive-tar=2.32=pl526_0
  - perl-carp=1.38=pl526_3
  - perl-common-sense=3.74=pl526_2
  - perl-compress-raw-bzip2=2.087=pl526he1b5a44_0
  - perl-compress-raw-zlib=2.087=pl526hc9558a2_0
  - perl-exporter=5.72=pl526_1
  - perl-exporter-tiny=1.002001=pl526_0
  - perl-extutils-makemaker=7.36=pl526_1
  - perl-io-compress=2.087=pl526he1b5a44_0
  - perl-io-zlib=1.10=pl526_2
  - perl-json=4.02=pl526_0
  - perl-json-xs=2.34=pl526h6bb024c_3
  - perl-list-moreutils=0.428=pl526_1
  - perl-list-moreutils-xs=0.428=pl526_0
  - perl-pathtools=3.75=pl526h14c3975_1
  - perl-scalar-list-utils=1.52=pl526h516909a_0
  - perl-types-serialiser=1.0=pl526_2
  - perl-xsloader=0.24=pl526_0
  - pip=21.0.1=py37h06a4308_0
  - python=3.7.9=h7579374_0
  - readline=8.1=h27cfd23_0
  - setuptools=52.0.0=py37h06a4308_0
  - six=1.15.0=py37h06a4308_0
  - sqlite=3.33.0=h62c20be_0
  - tk=8.6.10=hbc83047_0
  - wheel=0.36.2=pyhd3eb1b0_0
  - xz=5.2.5=h7b6447c_0
  - zlib=1.2.11=h7b6447c_3
prefix: /home/malcummi/Data/miniconda3/envs/dfast
