name: ectyper
channels:
  - bioconda
  - conda-forge
  - defaults
dependencies:
  - _libgcc_mutex=0.1=conda_forge
  - _openmp_mutex=4.5=2_gnu
  - attrs=22.1.0=pyh71513ae_1
  - bcftools=1.15.1=h0ea216a_0
  - blast=2.13.0=hf3cf87c_0
  - bowtie2=2.4.5=py310he297e0b_3
  - bzip2=1.0.8=h7f98852_4
  - c-ares=1.18.1=h7f98852_0
  - ca-certificates=2022.6.15=ha878542_0
  - capnproto=0.9.1=h780b84a_5
  - charset-normalizer=2.1.0=pyhd8ed1ab_0
  - curl=7.83.1=h7bff187_0
  - ectyper=1.0.0=pyhdfd78af_1
  - entrez-direct=16.2=he881be0_1
  - gettext=0.19.8.1=h73d1719_1008
  - gsl=2.7=he838d99_0
  - htslib=1.15.1=h9753748_0
  - idna=3.3=pyhd8ed1ab_0
  - iniconfig=1.1.1=pyh9f0ad1d_0
  - keyutils=1.6.1=h166bdaf_0
  - krb5=1.19.3=h3790be6_0
  - ld_impl_linux-64=2.36.1=hea4e1c9_2
  - libblas=3.9.0=15_linux64_openblas
  - libcblas=3.9.0=15_linux64_openblas
  - libcurl=7.83.1=h7bff187_0
  - libdeflate=1.10=h7f98852_0
  - libedit=3.1.20191231=he28a2e2_2
  - libev=4.33=h516909a_1
  - libffi=3.4.2=h7f98852_5
  - libgcc-ng=12.1.0=h8d9b700_16
  - libgfortran-ng=12.1.0=h69a702a_16
  - libgfortran5=12.1.0=hdcd56e2_16
  - libgomp=12.1.0=h8d9b700_16
  - libidn2=2.3.3=h166bdaf_0
  - liblapack=3.9.0=15_linux64_openblas
  - libnghttp2=1.47.0=h727a467_0
  - libnsl=2.0.0=h7f98852_0
  - libopenblas=0.3.20=pthreads_h78a6416_1
  - libssh2=1.10.0=ha56f1ee_2
  - libstdcxx-ng=12.1.0=ha89aaad_16
  - libunistring=0.9.10=h7f98852_0
  - libuuid=2.32.1=h7f98852_1000
  - libzlib=1.2.12=h166bdaf_2
  - lz4-c=1.9.3=h9c3ff4c_1
  - mash=2.3=ha9a2dd8_3
  - ncurses=6.3=h27087fc_1
  - openssl=1.1.1q=h166bdaf_0
  - packaging=21.3=pyhd8ed1ab_0
  - pcre=8.45=h9c3ff4c_0
  - perl=5.32.1=2_h7f98852_perl5
  - perl-archive-tar=2.40=pl5321hdfd78af_0
  - perl-carp=1.38=pl5321hdfd78af_4
  - perl-common-sense=3.75=pl5321hdfd78af_0
  - perl-compress-raw-bzip2=2.201=pl5321h87f3376_1
  - perl-compress-raw-zlib=2.105=pl5321h87f3376_0
  - perl-encode=3.18=pl5321hec16e2b_1
  - perl-exporter=5.72=pl5321hdfd78af_2
  - perl-exporter-tiny=1.002002=pl5321hdfd78af_0
  - perl-extutils-makemaker=7.64=pl5321hd8ed1ab_0
  - perl-io-compress=2.106=pl5321h87f3376_1
  - perl-io-zlib=1.11=pl5321hdfd78af_0
  - perl-json=4.09=pl5321hdfd78af_0
  - perl-json-xs=2.34=pl5321h9f5acd7_5
  - perl-list-moreutils=0.430=pl5321hdfd78af_0
  - perl-list-moreutils-xs=0.430=pl5321hec16e2b_1
  - perl-parent=0.236=pl5321hdfd78af_2
  - perl-pathtools=3.75=pl5321hec16e2b_3
  - perl-scalar-list-utils=1.62=pl5321hec16e2b_1
  - perl-types-serialiser=1.01=pl5321hdfd78af_0
  - pip=22.2.2=pyhd8ed1ab_0
  - py=1.11.0=pyh6c4a22f_0
  - pycparser=2.21=pyhd8ed1ab_0
  - pyopenssl=22.0.0=pyhd8ed1ab_0
  - pyparsing=3.0.9=pyhd8ed1ab_0
  - python=3.10.5=h582c2e5_0_cpython
  - python-dateutil=2.8.2=pyhd8ed1ab_0
  - python_abi=3.10=2_cp310
  - pytz=2022.1=pyhd8ed1ab_0
  - readline=8.1.2=h0f457ee_0
  - requests=2.28.1=pyhd8ed1ab_0
  - samtools=1.15.1=h1170115_0
  - seqtk=1.3=h7132678_4
  - six=1.16.0=pyh6c4a22f_0
  - sqlite=3.39.2=h4ff8645_0
  - tbb=2020.2=h4bd325d_4
  - tk=8.6.12=h27826a3_0
  - tomli=2.0.1=pyhd8ed1ab_0
  - tzdata=2022a=h191b570_0
  - urllib3=1.26.11=pyhd8ed1ab_0
  - wget=1.20.3=ha56f1ee_1
  - wheel=0.37.1=pyhd8ed1ab_0
  - xz=5.2.5=h516909a_1
  - zlib=1.2.12=h166bdaf_2
  - zstd=1.5.2=h8a70e8d_2
  - pip:
    - biopython==1.79
    - brotlipy==0.7.0
    - certifi==2022.6.15
    - cffi==1.15.1
    - cryptography==37.0.4
    - numpy==1.23.1
    - pandas==1.4.3
    - pluggy==1.0.0
    - pysocks==1.7.1
    - pytest==7.1.2
    - setuptools==63.3.0
prefix: /home/malcummi/Data/miniconda3/envs/ectyper
